[lambdas]
Lambda1=400.0
Lambda2=400.0
Lambda3=-1
stepMotorDelay1=2.0
stepMotorDelay2=1.5
nmPerStep1=0.003000000
nmPerStep2=0.002884895
LowerLimit1=200.0
LowerLimit2=200.0
UpperLimit1=800.0
UpperLimit2=800.0
ARCnmPerStep1=0.031386430
ARCnmPerStep2=0.031572700
ARC_a1=-7320
ARC_a2=280880
[initial]
FileName=02_Sample_Exc=300nm_Em=450nm_T=700K_I=10mkA_Fon=201.txt
LumIntegrTime=1.0
[TimeSettings]
x1=0.11236
x2=0.1903
x5=0.4774
x10=3.0754
x20=5.2209
x50=13.1048
x100=48.29
x200=82.097
x500=209.24
[ARC]
ComportNo=COM4
